function [Demand,Evdp,Inflow]=initProblemVariabls()
%
Demand = [56.45   82.33   113.5   63.33   60.83   68.39   68.39   86.6    38.21   30.45   25.72   54.39];
Evdp = [0.226   0.201   0.224   0.149   0.162   0.14    0.127   0.133   0.157   0.224   0.263   0.344];
Inflow = [65.80   199.67   226.52   216.18   52.50   14.87   8.21    8.43    7.50    8.48    9.70    7.32];
%


%{
DemandMax = [56.45	56.45	56.45	56.45	56.45	56.45	56.45	56.45	56.45	56.45
          82.33	82.33	82.33	82.33	82.33	82.33	82.33	82.33	82.33	82.33
          113.5	113.5	113.5	113.5	113.5	113.5	113.5	113.5	113.5	113.5
          63.33	63.33	63.33	63.33	63.33	63.33	63.33	63.33	63.33	63.33
          60.83	60.83	60.83	60.83	60.83	60.83	60.83	60.83	60.83	60.83
          68.39	68.39	68.39	68.39	68.39	68.39	68.39	68.39	68.39	68.39
          68.39	68.39	68.39	68.39	68.39	68.39	68.39	68.39	68.39	68.39
          86.6	86.6	86.6	86.6	86.6	86.6	86.6	86.6	86.6	86.6
          38.21	38.21	38.21	38.21	38.21	38.21	38.21	38.21	38.21	38.21
          30.45	30.45	30.45	30.45	30.45	30.45	30.45	30.45	30.45	30.45
          25.72	25.72	25.72	25.72	25.72	25.72	25.72	25.72	25.72	25.72
          54.39	54.39	54.39	54.39	54.39	54.39	54.39	54.39	54.39	54.39];
      
Evdp = [0.226	0.226	0.226	0.226	0.226	0.226	0.226	0.226	0.226	0.226
        0.201	0.201	0.201	0.201	0.201	0.201	0.201	0.201	0.201	0.201
        0.224	0.224	0.224	0.224	0.224	0.224	0.224	0.224	0.224	0.224
        0.149	0.149	0.149	0.149	0.149	0.149	0.149	0.149	0.149	0.149
        0.162	0.162	0.162	0.162	0.162	0.162	0.162	0.162	0.162	0.162
        0.14	0.14	0.14	0.14	0.14	0.14	0.14	0.14	0.14	0.14
        0.127	0.127	0.127	0.127	0.127	0.127	0.127	0.127	0.127	0.127
        0.133	0.133	0.133	0.133	0.133	0.133	0.133	0.133	0.133	0.133
        0.157	0.157	0.157	0.157	0.157	0.157	0.157	0.157	0.157	0.157
        0.224	0.224	0.224	0.224	0.224	0.224	0.224	0.224	0.224	0.224
        0.263	0.263	0.263	0.263	0.263	0.263	0.263	0.263	0.263	0.263
        0.344	0.344	0.344	0.344	0.344	0.344	0.344	0.344	0.344	0.344];
 

Inflow = [63.51	62.48	67.51	62.86	149.45	78.77	53.77	54.32	158.99	41.68
          414.69	177.69	77.05	178.47	270.59	312.32	177.11	176.83	217.21	313.78
          196.9	148.14	159.08	178.05	346.66	149.51	253.46	420.67	167.7	258.57
          67.76	1185.58	100.24	151.23	352.19	122.87	110.67	391.38	334.7	217.26
          2.51	32.71	98.35	229.69	56.13	0	20.49	88.53	37.88	0
          6.95	8.14	35.82	18.75	23.83	41.12	18.48	28.23	16.04	0
          0.00	4.81	49.46	0	12.01	9.53	16.62	23.56	0	0
          0	3.59	37.39	6.56	15.68	11.05	8.12	10.14	42.97	1.71
          2.75	4.91	33.19	6.86	13.3	12.52	2.09	0	0	21.5
          6.62	15.28	53.52	6.81	14.91	5.13	0.65	16.05	9.37	0
          4.81	8.14	56.6	20.53	23.63	15.74	3.83	6.12	7.08	6.31
          0	12.42	44.99	8.72	0	8.45	3.04	7.79	16.44	0];
      
      
      
DemandMin =      [43.59	48.45	48.45	47.31	48.45	44.99	46.5	42.5	48.45	48.45
                  71.73	74.33	74.33	74.33	74.33	74.33	73.82	74.33	74.33	74.33
                  96.43	105.5	102.95	103.89	105.5	102.37	105.5	105.5	105.5	105.5
                  50.85	55.33	54.28	55.33	55.33	55.33	54.32	55.33	55.33	55.33
                  49.36	52.16	51.34	51.21	51.38	52.65	51.47	52.83	49.26	51.71
                  55.97	60.39	60.39	56.94	60.39	60.39	59.44	57.44	60.39	60.39
                  50.5	60.39	60.39	60.39	59.27	58.04	58.97	60.39	60.39	60.39
                  75.28	76.13	78.6	78.6	78.6	76.2	75.13	78.6	75.13	74.91
                  22.15	29.14	28.14	30.21	28.56	29.34	29.17	30.21	30.21	30.21
                  16.71	20.94	22.22	20.93	19.09	19.62	18.46	20.05	22.2	22.45
                  14.52	17.72	15.49	17.58	17.72	17.72	17.72	16.78	17.72	17.72
                  41.19	46.39	46.39	43.67	46.39	44.25	44.23	46.39	46.39	44.51];

%}




end